2023184367
2023152699
2023123830
2023152899
2023132318
2023136090
2023152193
2023197188
2023122811
2023198011
2023135991
2023190872
2023127199
2023158841
2023183497
2023164787
2023180206
2023160926
2023133307
2023162658
2023171070
2023198816
2023130007
2023197166
2023176814
2023197595
2023182309
2023121107
2023163426
2023179687
2023117027
2023131174
2023141070
2023175947
2023138360
2023167774
2023135746
2023131437
2023152509
2023155914
2023125964
2023146669
2023125680
2023140432
2023161804
2023175528
2023141053
2023158603
2023157282
2023159204
2023184411
2023175760
2023139364
2023166408
2023132708
2023198130
2023122729
2023123132
2023134594
2023147270
2023167219
2023160414
2023143505
2023168505
2023117968
2023123181
2023111968
2023174429
2023151240
2023172797
2023120997
2023150104
2023122095
2023132608
2023159735
2023137686
2023119921
2023146628
2023148649
2023179233
2023138022
2023117357
2023148534
2023112362
2023141408
2023110347
2023188471
2023156687
2023182408
2023135555
2023112811
2023138670
2023181578
2023157138
2023178197
2023140602
2023147236
2023146433
2023129056
2023127073
2023123190
2023180193
2023194688
2023114029
2023155450
2023110375
2023199076
2023140729
2023114802
2023128002
2023152788
2023111952
2023183613
2023125836
2023170105
2023133233
2023142123
2023176616
2023127134
2023158623
2023153572
2023172482
2023145016
2023180276
2023133759
2023164159
2023143218
2023148636
2023189375
2023126126
2023146582
2023134707
2023162651
2023161372
2023117744
2023173847
2023149570
2023112813
2023158420
2023192042
2023150412
2023174913
2023127931
2023150921
2023126551
2023173366
2023166366
2023198912
2023159389
2023164791
2023130576
2023132304
2023174114
2023150804
2023177086
2023129773
2023113659
2023190769
2023146337
2023137874
2023199010
2023155046
2023138860
2023151369
2023151557
2023131740
2023157612
2023115134
2023171122
2023136590
2023165141
2023117141
2023173350
2023151827
2023187491
2023125227
2023196166
2023123040
2023160128
2023139777
2023118522
2023143105
2023173516
2023130065
2023147732
2023177657
2023144333
2023164497
2023144541
2023110174
2023186713
2023114106
2023170924
2023124753
2023147476
2023168447
2023157123
2023112620
2023115117
2023168757
2023170281
2023113321
2023140506
2023189071
2023181013
2023166572
2023191801
2023115689
2023172676
2023136403
2023140843
2023132395
2023160320
2023125185
2023169032
2023117717
2023131493
2023161320
2023166383
2023121881
2023116626
2023132064
2023184487
2023168259
2023159753
2023119102
2023152543
2023185113
2023140684
2023143548
2023159059
2023113244
2023182944
2023143181
2023199985
2023188804
2023173188
2023112856
2023190383
2023174463
2023181640
2023146636
2023159131
2023111913
2023177771
2023119109
2023172187
2023174135
2023177344
2023163064
2023181553
2023137514
2023164786
2023157621
2023191083
2023142741
2023119853
2023171852
2023147131
2023133206
2023142115
2023135829
2023128001
2023166940
2023193454
2023115099
2023124598
2023183011
2023198307
2023140982
2023111612
2023113432
2023111431
2023191169
2023152285
2023165618
2023171266
2023118466
2023180704
2023188794
2023124994
2023186077
2023183107
2023127736
2023190023
2023124915
2023174084
2023155687
2023196321
2023145785
2023111641
2023199127
2023177702
2023132603
2023129924
2023145949
2023169872
2023114025
2023199971
2023184568
2023178293
2023167995
2023136567
2023170967
2023190339
2023189147
2023179908
2023112907
2023116322
2023146196
2023177351
2023146506
2023190117
2023157581
2023177098
2023145010
2023171326
2023140926
2023196231
2023158994
2023189082
2023171342
2023127909
2023146589
2023167753
2023198623
2023198611
2023114595
2023140970
2023150947
2023110862
2023137489
2023159867
2023133097
2023131102
2023114570
2023143932
2023148780
2023192137
2023126229
2023142074
2023128268
2023113377
2023184948
2023149017
2023161275
2023146792
2023190187
2023157255
2023157999
2023183412
2023158801
2023196171
2023154682
2023183389
2023176951
2023171748
2023187179
2023166391
2023176844
2023115087
2023184277
2023130261
2023146102
2023172254
2023190761
2023121781
2023191956
2023134252
2023187423
2023198063
2023116356
2023145028
2023112122
2023185174
2023141290
2023188157
2023160043
2023184846
2023116059
2023124374
2023158585
2023186558
2023129031
2023197012
2023111791
2023113158
2023176810
2023133363
2023175204
2023195720
2023196320
2023195755
2023157771
2023190391
2023163768
2023198271
2023173742
2023116881
2023136873
2023193296
2023193823
2023133062
2023156121
2023196408
2023150697
2023135381
2023172857
2023164025
2023146528
2023125475
2023128058
2023148159
2023137496
2023195267
2023154692
2023140163
2023146477
2023116091
2023162028
2023155851
2023165205
2023173190
2023113272
2023164706
2023127724
2023172288
2023169606
2023141667
2023147841
2023156609
2023166665
2023137031
2023114683
2023129187
2023147104
2023146082
2023149617
2023123756
2023165201
2023163391
2023188511
2023141216
2023130350
2023194746
2023179878
2023178116
2023125418
2023121730
2023147834
2023169269
2023138191
2023190483
2023125376
2023123713
2023185250
2023143913
2023199858
2023197178
2023183442
2023192165
2023121223
2023162780
2023191008
2023131760
2023134872
2023122776
2023161943
2023185248
2023155891
2023173154
2023169512
2023110282
2023163193
2023112833
2023140985
2023112705
2023161175
2023138549
2023184217
2023130692
2023136568
2023123925
2023131746
2023132170
2023195396
2023135686
2023115657
2023183451
2023149696
2023168606
2023142452
2023179917
2023138310
2023129100
2023175494
2023187601
2023129759
2023178009
2023144210
2023174765
2023114388
2023127948
2023196821
2023187307
2023174782
2023169965
2023134559
2023198270
2023159763
2023125432
2023118925
2023173843
2023191726
2023164555
2023116503
2023111685
2023172841
2023134598
2023144285
2023151376
2023160105
2023128493
2023171415
2023173368
2023196067
2023138342
2023140314
2023139004
2023145013
2023111273
2023146321
2023137159
2023190090
2023170033
2023155339
2023123810
2023156491
2023170360
2023165499
2023153295
2023131414
2023174400
2023174412
2023121527
2023166240
2023124776
2023111480
2023163962
2023133438
2023169600
2023112679
2023176409
2023146553
2023112399
2023162666
2023180326
2023160783
2023182222
2023192899
2023188421
2023118202
2023164266
2023173306
2023146148
2023133918
2023197773
2023185544
2023125161
2023166304
2023132226
2023143041
2023177595
2023187873
2023136278
2023155449
2023128989
2023126345
2023146719
2023168557
2023184063
2023188404
2023186203
2023143440
2023183513
2023167273
2023144776
2023157666
2023171150
2023132276
2023123854
2023186750
2023183208
2023135494
2023171190
2023137458
2023189108
2023134298
2023115729
2023129614
2023170297
2023157693
2023172531
2023146440
2023198631
2023151521
2023142769
2023174376
2023177737
2023160547
2023129196
2023172279
2023166539
2023191699
2023195486
2023173086
2023161075
2023160569
2023139529
2023188361
2023158133
2023181742
2023173759
2023134579
2023190485
2023121305
2023182778
2023122913
2023148101
2023158494
2023190824
2023152523
2023197114
2023163066
2023175248
2023118151
2023198145
2023176012
2023131626
2023193819
2023129658
2023112092
2023139017
2023181138
2023117135
2023191687
2023166847
2023165170
2023168824
2023155052
2023195450
2023155185
2023114583
2023182589
2023157471
2023189994
2023118181
2023189151
2023143613
2023161930
2023148418
2023154683
2023133800
2023155125
2023174992
2023161120
2023139575
2023118802
2023147252
2023153352
2023140419
2023152374
2023111413
2023184667
2023173881
2023191730
2023125153
2023168232
2023189136
2023134039
2023164989
2023132452
2023165440
2023182339
2023186903
2023111262
2023151541
2023142095
2023126852
2023193240
2023196169
2023128496
2023183017
2023152170
2023112284
2023159160
2023144630
2023196938
2023186526
2023140825
2023182509
2023180329
2023198779
2023137378
2023136734
2023195430
2023196104
2023129748
2023114173
2023116417
2023160376
2023191727
2023175534
2023183257
2023172475
2023113133
2023197675
2023146176
2023144638
2023196510
2023110755
2023186799
2023169410
2023181942
2023199160
2023154878
2023136995
2023119282
2023158104
2023122536
2023159170
2023163427
2023194533
2023145295
2023189337
2023128660
2023174524
2023162822
2023157723
2023197676
2023132687
2023188818
2023156904
2023129326
2023113513
2023163155
2023196579
2023110181
2023124902
2023128808
2023162368
2023135926
2023198700
2023159225
2023159939
2023123694
2023170925
2023170302
2023141049
2023186522
2023182919
2023188097
2023142183
2023193075
2023134961
2023149846
2023128665
2023180104
2023150439
2023151845
2023193428
2023182937
2023155010
2023184874
2023119559
2023150291
2023114330
2023150555
2023173417
2023186372
2023193237
2023110197
2023172912
2023158232
2023186349
2023154295
2023117735
2023128408
2023188728
2023178008
2023112571
2023173090
2023122801
2023170052
2023146451
2023114791
2023193225
2023117085
2023173653
2023159189
2023165112
2023174490
2023151670
2023141755
2023171230
2023138604
2023180048
2023147022
2023128787
2023113684
2023162909
2023142392
2023147522
2023191353
2023195339
2023170145
2023142569
2023131064
2023182334
2023156946
2023161487
2023185642
2023137045
2023166987
2023155625
2023142899
2023135318
2023168537
2023187824
2023175190
2023167964
2023199546
2023196860
2023139412
2023157825
2023158373
2023124614
2023160991
2023158886
2023116156
2023120673
2023110836
2023132213
2023157175
2023114224
2023111196
2023151837
2023111421
2023163947
2023172025
2023139976
2023110759
2023174177
2023191016
2023144669
2023172494
2023182686
2023190935
2023110883
2023135848
2023172910
2023196314
2023185947
2023122079
2023160045
2023173913
2023125018
2023173969
2023198104
2023129705
2023140135
2023141602
2023120818
2023118701
2023191803
2023186580
2023193230
2023197077
2023147478
2023127143
2023145472
2023129583
2023156545
2023119958
2023140267
2023130442
2023171805
2023158222
2023123202
2023117210
2023130683
2023113631
2023190188
2023181305
2023122538
2023129345
2023172810
2023188983
2023138408
2023133432
2023181435
2023139265
2023181458
2023146522
2023128470
2023138280
2023135569
2023112131
2023182692
2023116229
2023116514
2023162579
2023113398
2023165921
2023116618
2023127598
2023129263
2023112930
2023191191
2023118367
2023149273
2023110935
2023137836
2023123057
2023136585
2023146015
2023190759
2023118166
2023183342
2023170623
2023183779
2023155430
2023178138
2023148732
2023133619
2023144797
2023113590
2023128783
2023149576
2023141811
2023129624
2023118188
2023138608
2023181188
2023146931
2023137049
2023187244
2023118921
2023150562
2023141607
2023191454
2023162969
2023175885
2023184787
2023143782
2023118512
2023189088
2023118948
2023171856
2023127417
2023116846
2023123319
2023124825
2023110441
2023172282
2023110933
2023174151
2023182275
2023120441
2023191052
2023135042
2023135669
2023139937
2023136395
2023130197
2023157786
2023138563
2023177221
2023161982
2023130002
2023164877
2023118256
2023186551
2023123994
2023170018
2023146729
2023155649
2023168276
2023120993
2023189649
2023161585
2023135468
2023192305
2023171533
2023128952
2023174142
2023122953
2023180729
2023171222
2023172083
2023130541
2023138166
2023141289
2023146012
2023194954
2023128359
2023181213
2023155433
2023164965
2023155196
2023153119
2023167885
2023134032
2023197816
2023126518
2023130180
2023139845
2023120815
2023190852
2023197722
2023136327
2023128318
2023139861
2023118305
2023195828
2023173688
2023110268
2023111596
2023193733
2023134327
2023115621
2023198450
2023188525
2023125919
2023170216
2023195934
2023188978
2023143293
2023161240
2023151636
2023155946
2023123478
2023165852
2023177550
2023172173
2023117472
2023112414
2023141589
2023186857
2023179934
2023131086
2023143589
2023112590
2023135104
2023115886
2023149812
2023195530
2023135812
2023139545
2023191123
2023144142
2023193096
2023131732
2023157804
2023138922
2023169215
2023191316
2023180455
2023183113
2023121941
2023186896
2023152123
2023197177
2023146964
2023115366
2023152584
2023162767
2023182602
2023188064
2023150673
2023196747
2023152915
2023167584
2023178542
2023170260
2023189517
2023133312
2023153229
2023197105
2023156848
2023184727
2023171864
2023185780
2023188164
2023128977
2023181461
2023131634
2023189954
2023117710
2023190874
2023171172
2023161137
2023149002
2023141014
2023140231
2023150190
2023133542
2023186161
2023187245
2023172722
2023164293
2023194361
2023196144
2023161170
2023135051
2023128734
2023125980
2023196585
2023112263
2023168212
2023197616
2023193348
2023156075
2023195760
2023124906
2023166461
2023165597
2023148614
2023171552
2023169664
2023138403
2023117230
2023118929
2023155886
2023123183
2023111301
2023196682
2023157809
2023161122
2023194963
2023164081
2023171743
2023164231
2023148333
2023192624
2023168448
2023140084
2023158278
2023117951
2023199431
2023199526
2023151183
2023134553
2023156126
2023130950
2023123122
2023160895
2023166110
2023128652
2023132902
2023149534
2023170882
2023152637
2023111960
2023137501
2023125128
2023129293
2023118947
2023197599
2023181100
2023112728
2023113941
2023169425
2023178111
2023118951
2023113840
2023194060
2023169010
2023139247
2023140095
2023159600
2023146233
2023159309
2023134177
2023134916
2023129130
2023193426
2023125703
2023166908
2023121891
2023159034
2023164394
2023120179
2023121878
2023133961
2023157204
2023191848
2023132828
2023132019
2023198638
2023140162
2023173741
2023169121
2023177632
2023134899
2023151239
2023137317
2023157568
2023115910
2023119996
2023149711
2023197971
2023112637
2023192162
2023162606
2023182894
2023126891
2023136823
2023139407
2023128089
2023120682
2023115889
2023111627
2023144665
2023115524
2023112039
2023122895
2023184672
2023117926
2023140271
2023155299
2023128698
2023160523
2023161006
2023128355
2023170325
2023188905
2023189909
2023187472
2023110106
2023124408
2023126921
2023199934
2023199092
2023122011
2023131685
2023160396
2023113400
2023116018
2023186364
2023181299
2023175814
2023158430
2023150432
2023145630
2023137721
2023191927
2023152907
2023157433
2023167609
2023123198
2023188256
2023178177
2023171345
2023124592
2023199045
2023151816
2023176916
2023129012
2023175869
2023146957
2023195164
2023149823
2023116372
2023115369
2023117988
2023135694
2023169862
2023166200
2023169283
2023165635
2023168218
2023129364
2023137648
2023131587
2023184202
2023185502
2023161290
2023147888
2023123733
2023184841
2023133271
2023139449
2023160710
2023180575
2023135359
2023131083
2023191751
2023169293
2023128788
2023179653
2023168832
2023163344
2023136156
2023194332
2023113237
2023175256
2023133901
2023121549
2023184677
2023138316
2023164197
2023149121
2023122577
2023155827
2023140987
2023161209
2023182191
2023168492
2023142177
2023158698
2023171349
2023160424
2023175564
2023182735
2023181398
2023151763
2023165694
2023122819
2023159052
2023137490
2023112402
2023153606
2023162011
2023142467
2023115566
2023164837
2023136548
2023147660
2023158820
2023168349
2023155648
2023139895
2023162150
2023176688
2023126525
2023199608
2023112296
2023126382
2023157451
2023125293
2023163732
2023192308
2023142052
2023198718
2023186470
2023121243
2023113127
2023139668
2023191836
2023168540
2023121058
2023191594
2023132412
2023165031
2023168140
2023199929
2023162745
2023185024
2023120052
2023156599
2023166087
2023199530
2023165605
2023179982
2023143180
2023194148
2023198177
2023165778
2023115393
2023430570
2023489251
2023466227
2023496968
2023485232
2023423691
2023410924
2023438155
2023491309
2023416501
2023448120
2023433691
2023452800
2023433450
2023464809
2023442144
2023421551
2023464598
2023484752
2023474262
2023440006
2023456658
2023415261
2023432421
2023475281
2023495215
2023425284
